latitude=18.581906
longitude=73.819656